0.5642
0.4992
0.4668
0.4524
0.4372
0.4363
0.4063
0.4059
0.3967
0.3886
0.3886
0.3790
0.3821
0.3661
0.3683
0.3674
0.3560
0.3571
0.3499
0.3413
0.3442
0.3344
0.3372
0.3282
0.3270
0.3225
0.3245
0.3169
0.3106
0.3143
0.3016
0.2994
0.3017
0.3077
0.2914
0.2979
0.2862
0.2945
0.2894
0.2823
0.2841
0.2734
0.2787
0.2767
0.2815
0.2738
0.2742
0.2679
0.2705
0.2678
0.2715
0.2540
0.2533
0.2535
0.2501
0.2522
0.2409
0.2521
0.2483
0.2464
0.2458
0.2449
0.2399
0.2435
0.2361
0.2304
0.2365
0.2395
0.2288
0.2296
0.2363
0.2325
0.2346
0.2205
0.2241
0.2220
0.2251
0.2224
0.2221
0.2202
0.2274
0.2149
0.2109
0.2085
0.2138
0.2123
0.2050
0.2025
0.2099
0.2080
0.2100
0.2054
0.2041
0.2027
0.2035
0.2088
0.2013
0.1995
0.1927
0.1975
