0.5767
0.5096
0.4764
0.4507
0.4375
0.4257
0.4203
0.4130
0.4032
0.4113
0.3955
0.3784
0.3871
0.3683
0.3789
0.3646
0.3577
0.3536
0.3505
0.3424
0.3400
0.3491
0.3382
0.3344
0.3294
0.3277
0.3272
0.3228
0.3246
0.3194
0.3156
0.3068
0.3104
0.3071
0.3053
0.3067
0.2981
0.2933
0.2945
0.2938
0.2882
0.2904
0.2854
0.2958
0.2821
0.2828
0.2768
0.2845
0.2755
0.2711
0.2656
0.2728
0.2589
0.2568
0.2646
0.2653
0.2604
0.2586
0.2586
0.2475
0.2531
0.2517
0.2551
0.2490
0.2437
0.2387
0.2436
0.2479
0.2430
0.2500
0.2391
0.2402
0.2385
0.2366
0.2347
0.2285
0.2303
0.2250
0.2242
0.2296
0.2280
0.2194
0.2260
0.2191
0.2245
0.2181
0.2193
0.2172
0.2126
0.2048
0.2203
0.2317
0.2111
0.2077
0.2078
0.2044
0.2114
0.2104
0.2054
0.1974
