0.5821
0.5144
0.4851
0.4601
0.4430
0.4314
0.4212
0.4246
0.4068
0.4015
0.3920
0.3892
0.3830
0.3802
0.3743
0.3750
0.3684
0.3692
0.3604
0.3598
0.3523
0.3485
0.3417
0.3372
0.3439
0.3325
0.3356
0.3338
0.3346
0.3200
0.3241
0.3190
0.3267
0.3141
0.3180
0.3132
0.3070
0.3135
0.3025
0.3040
0.2994
0.2922
0.3031
0.2892
0.2930
0.2883
0.2867
0.2873
0.2883
0.2855
0.2895
0.2802
0.2719
0.2823
0.2738
0.2659
0.2666
0.2733
0.2663
0.2640
0.2632
0.2664
0.2584
0.2598
0.2510
0.2498
0.2554
0.2607
0.2461
0.2447
0.2519
0.2502
0.2406
0.2468
0.2411
0.2335
0.2363
0.2376
0.2443
0.2296
0.2315
0.2448
0.2352
0.2299
0.2329
0.2324
0.2288
0.2192
0.2186
0.2214
0.2235
0.2278
0.2227
0.2141
0.2166
0.2134
0.2180
0.2103
0.2145
0.2138
