0.5948
0.5146
0.4781
0.4659
0.4506
0.4362
0.4226
0.4160
0.4086
0.4058
0.3955
0.3885
0.3896
0.3856
0.3696
0.3731
0.3696
0.3703
0.3658
0.3582
0.3543
0.3478
0.3435
0.3375
0.3312
0.3371
0.3343
0.3267
0.3322
0.3230
0.3181
0.3120
0.3134
0.3121
0.3198
0.3076
0.3040
0.2960
0.2969
0.2987
0.2954
0.2865
0.2948
0.2943
0.2820
0.2831
0.2871
0.2920
0.2815
0.2841
0.2726
0.2811
0.2712
0.2825
0.2612
0.2609
0.2698
0.2685
0.2636
0.2654
0.2710
0.2537
0.2613
0.2510
0.2508
0.2566
0.2662
0.2537
0.2491
0.2456
0.2479
0.2444
0.2412
0.2410
0.2315
0.2361
0.2395
0.2417
0.2239
0.2362
0.2270
0.2320
0.2276
0.2288
0.2255
0.2317
0.2242
0.2291
0.2193
0.2149
0.2278
0.2124
0.2189
0.2223
0.2215
0.2083
0.2119
0.2072
0.2136
0.2092
