0.5728
0.5052
0.4743
0.4536
0.4520
0.4362
0.4224
0.4143
0.4013
0.3967
0.3900
0.3820
0.3816
0.3738
0.3699
0.3672
0.3617
0.3615
0.3494
0.3437
0.3402
0.3520
0.3460
0.3382
0.3375
0.3303
0.3318
0.3270
0.3257
0.3225
0.3174
0.3196
0.3131
0.3089
0.3019
0.2954
0.3017
0.3065
0.2936
0.3047
0.2914
0.2934
0.2880
0.2855
0.2836
0.2903
0.2763
0.2725
0.2784
0.2716
0.2731
0.2701
0.2664
0.2643
0.2658
0.2632
0.2648
0.2646
0.2554
0.2580
0.2553
0.2529
0.2424
0.2481
0.2465
0.2540
0.2527
0.2559
0.2416
0.2384
0.2389
0.2366
0.2383
0.2370
0.2388
0.2336
0.2304
0.2299
0.2279
0.2320
0.2223
0.2262
0.2297
0.2300
0.2202
0.2286
0.2221
0.2205
0.2237
0.2123
0.2213
0.2196
0.2163
0.2240
0.2186
0.2052
0.2098
0.2085
0.2118
0.2128
