0.5678
0.4921
0.4636
0.4454
0.4319
0.4334
0.4178
0.4089
0.3942
0.3962
0.3931
0.3831
0.3760
0.3676
0.3627
0.3556
0.3597
0.3545
0.3573
0.3539
0.3454
0.3400
0.3283
0.3250
0.3335
0.3219
0.3335
0.3148
0.3107
0.3120
0.3091
0.3093
0.3086
0.3017
0.3153
0.3008
0.3006
0.2916
0.2865
0.2904
0.2866
0.2818
0.2838
0.2800
0.2775
0.2836
0.2785
0.2739
0.2774
0.2764
0.2647
0.2653
0.2644
0.2681
0.2694
0.2547
0.2612
0.2563
0.2516
0.2519
0.2672
0.2464
0.2484
0.2492
0.2441
0.2485
0.2431
0.2469
0.2527
0.2373
0.2406
0.2360
0.2312
0.2422
0.2326
0.2303
0.2299
0.2388
0.2293
0.2240
0.2286
0.2293
0.2233
0.2326
0.2214
0.2188
0.2251
0.2223
0.2226
0.2181
0.2205
0.2282
0.2105
0.2171
0.2135
0.2066
0.2105
0.2092
0.2143
0.2019
