0.5625
0.4825
0.4638
0.4359
0.4264
0.4163
0.4059
0.3938
0.3871
0.3850
0.3770
0.3819
0.3934
0.3954
0.3702
0.3577
0.3519
0.3502
0.3516
0.3595
0.3457
0.3338
0.3295
0.3304
0.3231
0.3259
0.3281
0.3193
0.3142
0.3131
0.3122
0.3240
0.3221
0.3059
0.2984
0.3020
0.2987
0.2907
0.2927
0.2949
0.2970
0.2873
0.2837
0.2882
0.3049
0.2820
0.2769
0.2887
0.2720
0.2791
0.2810
0.2617
0.2647
0.2669
0.2689
0.2653
0.2714
0.2621
0.2533
0.2579
0.2680
0.2551
0.2496
0.2475
0.2504
0.2585
0.2561
0.2488
0.2522
0.2513
0.2420
0.2451
0.2815
0.2572
0.2528
0.2408
0.2417
0.2543
0.2563
0.2423
0.2280
0.2409
0.2332
0.2416
0.2278
0.2324
0.2301
0.2199
0.2341
0.2355
0.2571
0.2216
0.2262
0.2176
0.2257
0.2251
0.2254
0.2168
0.2100
0.2094
