0.5740
0.4952
0.4676
0.4467
0.4441
0.4229
0.4174
0.4052
0.4059
0.4016
0.3852
0.3907
0.3876
0.3712
0.3635
0.3654
0.3544
0.3638
0.3577
0.3530
0.3417
0.3469
0.3372
0.3279
0.3273
0.3226
0.3328
0.3209
0.3167
0.3258
0.3220
0.3158
0.3074
0.2994
0.3048
0.2965
0.3030
0.2964
0.2918
0.2957
0.2980
0.2877
0.2886
0.2823
0.2903
0.2775
0.2720
0.2759
0.2722
0.2874
0.2645
0.2653
0.2627
0.2706
0.2718
0.2560
0.2660
0.2655
0.2612
0.2744
0.2542
0.2509
0.2435
0.2414
0.2437
0.2455
0.2386
0.2454
0.2374
0.2416
0.2408
0.2418
0.2333
0.2265
0.2333
0.2302
0.2462
0.2320
0.2273
0.2174
0.2264
0.2264
0.2218
0.2254
0.2207
0.2197
0.2176
0.2155
0.2121
0.2042
0.2033
0.2125
0.2093
0.2101
0.2131
0.1978
0.2023
0.1960
0.2048
0.1981
