0.5846
0.5162
0.4818
0.4614
0.4517
0.4402
0.4280
0.4239
0.4207
0.4065
0.3984
0.3959
0.3880
0.3848
0.3740
0.3750
0.3680
0.3604
0.3580
0.3649
0.3596
0.3444
0.3458
0.3469
0.3389
0.3446
0.3361
0.3332
0.3253
0.3358
0.3240
0.3191
0.3203
0.3118
0.3083
0.3082
0.3067
0.3085
0.3074
0.3077
0.2999
0.3031
0.3060
0.2942
0.2939
0.2917
0.2869
0.2910
0.2844
0.2809
0.2819
0.2813
0.2907
0.2780
0.2786
0.2684
0.2718
0.2726
0.2679
0.2617
0.2689
0.2671
0.2592
0.2643
0.2544
0.2497
0.2576
0.2508
0.2479
0.2492
0.2575
0.2477
0.2457
0.2398
0.2448
0.2403
0.2413
0.2367
0.2477
0.2379
0.2278
0.2319
0.2574
0.2356
0.2396
0.2238
0.2190
0.2290
0.2262
0.2243
0.2252
0.2190
0.2208
0.2178
0.2148
0.2216
0.2132
0.2285
0.2120
0.2107
