0.5639
0.4863
0.4691
0.4464
0.4338
0.4220
0.4220
0.4033
0.3995
0.3864
0.3886
0.3766
0.3809
0.3725
0.3572
0.3582
0.3545
0.3504
0.3533
0.3520
0.3437
0.3366
0.3404
0.3366
0.3286
0.3320
0.3325
0.3184
0.3174
0.3240
0.3224
0.3084
0.3069
0.2999
0.2957
0.3123
0.2965
0.2974
0.2918
0.2937
0.2877
0.2930
0.2895
0.2768
0.2789
0.2778
0.2854
0.2715
0.2746
0.2659
0.2761
0.2598
0.2644
0.2717
0.2605
0.2548
0.2661
0.2593
0.2477
0.2539
0.2506
0.2489
0.2499
0.2485
0.2460
0.2477
0.2386
0.2344
0.2398
0.2422
0.2373
0.2400
0.2403
0.2273
0.2233
0.2394
0.2299
0.2237
0.2358
0.2226
0.2191
0.2235
0.2207
0.2311
0.2211
0.2204
0.2132
0.2192
0.2098
0.2102
0.2103
0.2213
0.2164
0.2135
0.2108
0.2105
0.2064
0.2025
0.2040
0.2132
