0.5710
0.5074
0.4704
0.4652
0.4517
0.4374
0.4302
0.4197
0.4069
0.3987
0.3943
0.3952
0.3873
0.3917
0.3803
0.3721
0.3705
0.3634
0.3660
0.3739
0.3720
0.4360
0.3709
0.3699
0.3639
0.3471
0.3584
0.3803
0.3599
0.3426
0.3642
0.3607
0.3445
0.3560
0.3230
0.3306
0.3325
0.3272
0.3248
0.3146
0.3069
0.3113
0.3149
0.3114
0.3011
0.3054
0.3200
0.3046
0.2963
0.2947
0.2959
0.3435
0.3076
0.3055
0.2964
0.2867
0.2917
0.3337
0.2965
0.2883
0.2824
0.2875
0.2772
0.2883
0.3286
0.3036
0.2870
0.2974
0.3080
0.2832
0.2743
0.2796
0.2753
0.2714
0.2834
0.2783
0.2778
0.2708
0.2666
0.2549
0.2543
0.2545
0.2626
0.2821
0.2735
0.2535
0.2599
0.2668
0.2463
0.2473
0.2630
0.2483
0.2429
0.2388
0.2464
0.2703
0.2742
0.2379
0.2330
0.2422
