0.5815
0.5040
0.4700
0.4563
0.4380
0.4326
0.4157
0.4050
0.3952
0.3846
0.3909
0.3826
0.3789
0.3765
0.3674
0.3718
0.3636
0.3463
0.3495
0.3503
0.3387
0.3407
0.3288
0.3344
0.3310
0.3290
0.3275
0.3270
0.3184
0.3234
0.3193
0.3237
0.3026
0.3080
0.3083
0.3033
0.3035
0.2989
0.2963
0.2879
0.2844
0.2962
0.2868
0.2795
0.2804
0.2780
0.2807
0.2754
0.2762
0.2699
0.2714
0.2642
0.2699
0.2592
0.2604
0.2580
0.2551
0.2554
0.2528
0.2515
0.2539
0.2571
0.2541
0.2572
0.2549
0.2455
0.2396
0.2405
0.2477
0.2336
0.2314
0.2326
0.2364
0.2343
0.2382
0.2327
0.2266
0.2271
0.2246
0.2302
0.2227
0.2215
0.2204
0.2199
0.2220
0.2220
0.2127
0.2109
0.2178
0.2275
0.2162
0.2078
0.2145
0.2076
0.2192
0.2144
0.2075
0.2113
0.2090
0.2067
