0.5668
0.4979
0.4640
0.4445
0.4385
0.4243
0.4183
0.4100
0.4018
0.3997
0.3919
0.3830
0.3839
0.3759
0.3703
0.3616
0.3620
0.3613
0.3552
0.3589
0.3443
0.3464
0.3369
0.3316
0.3325
0.3358
0.3385
0.3208
0.3182
0.3199
0.3068
0.3069
0.3135
0.3163
0.3014
0.3077
0.3006
0.2994
0.2900
0.2904
0.2844
0.2875
0.2857
0.2921
0.2811
0.2820
0.2763
0.2709
0.2743
0.2771
0.2689
0.2674
0.2592
0.2609
0.2551
0.2577
0.2505
0.2540
0.2547
0.2517
0.2502
0.2471
0.2455
0.2411
0.2472
0.2455
0.2425
0.2446
0.2338
0.2391
0.2309
0.2401
0.2413
0.2327
0.2290
0.2266
0.2266
0.2309
0.2189
0.2245
0.2306
0.2239
0.2270
0.2258
0.2157
0.2193
0.2128
0.2109
0.2170
0.2180
0.2246
0.2193
0.2194
0.2064
0.2079
0.2159
0.2056
0.1995
0.2167
0.2042
