0.5826
0.5155
0.4912
0.4760
0.4550
0.4520
0.4323
0.4284
0.4303
0.4146
0.4200
0.4025
0.4025
0.3960
0.3926
0.3823
0.3759
0.3773
0.3656
0.3733
0.3601
0.3607
0.3536
0.3506
0.3388
0.3449
0.3407
0.3374
0.3365
0.3376
0.3454
0.3306
0.3245
0.3200
0.3219
0.3189
0.3141
0.3076
0.3067
0.3087
0.3021
0.2992
0.2967
0.2883
0.2933
0.2975
0.3004
0.2961
0.2919
0.2878
0.2800
0.2823
0.2785
0.2741
0.2730
0.2704
0.2715
0.2755
0.2730
0.2611
0.2561
0.2629
0.2644
0.2607
0.2639
0.2587
0.2454
0.2611
0.2544
0.2521
0.2538
0.2507
0.2459
0.2438
0.2435
0.2449
0.2416
0.2370
0.2375
0.2400
0.2360
0.2363
0.2426
0.2373
0.2304
0.2311
0.2284
0.2284
0.2207
0.2223
0.2278
0.2142
0.2266
0.2180
0.2182
0.2188
0.2250
0.2069
0.2181
0.2102
