0.5633
0.5009
0.4763
0.4464
0.4417
0.4203
0.4209
0.3999
0.4030
0.3919
0.3753
0.3715
0.3756
0.3698
0.3648
0.3510
0.3499
0.3614
0.3529
0.3417
0.3356
0.3330
0.3316
0.3267
0.3273
0.3216
0.3260
0.3165
0.3130
0.3036
0.2986
0.3054
0.3022
0.3009
0.2942
0.2932
0.2896
0.2905
0.2837
0.2830
0.2899
0.2880
0.2722
0.2755
0.2682
0.2694
0.2613
0.2674
0.2636
0.2611
0.2584
0.2613
0.2641
0.2501
0.2569
0.2537
0.2539
0.2669
0.2565
0.2470
0.2381
0.2369
0.2422
0.2421
0.2345
0.2342
0.2381
0.2381
0.2297
0.2378
0.2315
0.2260
0.2243
0.2212
0.2206
0.2216
0.2202
0.2114
0.2207
0.2185
0.2256
0.2181
0.2186
0.2107
0.2087
0.2185
0.2162
0.2110
0.2090
0.2023
0.2072
0.2069
0.2052
0.1967
0.2074
0.1989
0.2013
0.1994
0.2015
0.1933
