0.5731
0.5024
0.4684
0.4526
0.4416
0.4336
0.4093
0.4281
0.4115
0.3922
0.3796
0.3860
0.3744
0.3667
0.3684
0.3723
0.3580
0.3605
0.3552
0.3698
0.3531
0.3500
0.3468
0.3567
0.3409
0.3389
0.3314
0.3246
0.3200
0.3426
0.3435
0.3233
0.3200
0.3322
0.3048
0.3097
0.3185
0.3591
0.3263
0.3145
0.3099
0.3019
0.3129
0.2877
0.2989
0.3143
0.3052
0.2942
0.2764
0.2802
0.3104
0.2855
0.2853
0.2843
0.2950
0.3195
0.2885
0.3288
0.2921
0.2767
0.2749
0.2922
0.2940
0.3211
0.2859
0.2909
0.2737
0.2692
0.2639
0.2647
0.2797
0.2616
0.2574
0.2629
0.2714
0.2731
0.2708
0.2489
0.2490
0.2522
0.2450
0.2467
0.2398
0.2399
0.2421
0.2418
0.2369
0.2296
0.2354
0.2378
0.2340
0.2442
0.2377
0.2362
0.2284
0.2355
0.2290
0.2623
0.2482
0.2949
