0.5729
0.4916
0.4685
0.4542
0.4403
0.4321
0.4144
0.4065
0.3999
0.3954
0.3952
0.3778
0.3812
0.3695
0.3711
0.3598
0.3665
0.3600
0.3563
0.3618
0.3434
0.3433
0.3509
0.3415
0.3349
0.3404
0.3296
0.3257
0.3267
0.3211
0.3276
0.3105
0.3197
0.3070
0.3066
0.3060
0.3139
0.3080
0.2976
0.3045
0.2986
0.2940
0.2946
0.2860
0.2912
0.2871
0.2938
0.2838
0.2828
0.2771
0.2805
0.2728
0.2685
0.2758
0.2734
0.2709
0.2707
0.2667
0.2774
0.2618
0.2699
0.2538
0.2532
0.2607
0.2621
0.2554
0.2586
0.2561
0.2487
0.2479
0.2487
0.2409
0.2478
0.2581
0.2439
0.2442
0.2415
0.2379
0.2349
0.2302
0.2390
0.2287
0.2286
0.2414
0.2578
0.2362
0.2380
0.2187
0.2176
0.2287
0.2222
0.2245
0.2219
0.2230
0.2167
0.2190
0.2133
0.2102
0.2134
0.2217
