0.5725
0.5090
0.4727
0.4516
0.4428
0.4215
0.4123
0.3958
0.3968
0.3940
0.3860
0.3762
0.3741
0.3692
0.3693
0.3568
0.3524
0.3491
0.3471
0.3425
0.3539
0.3325
0.3310
0.3247
0.3292
0.3189
0.3210
0.3184
0.3235
0.3076
0.3179
0.3066
0.3007
0.3075
0.3015
0.2975
0.2937
0.3012
0.3016
0.2857
0.2889
0.2841
0.2874
0.2885
0.2779
0.2837
0.2733
0.2708
0.2742
0.2771
0.2736
0.2698
0.2680
0.2644
0.2638
0.2549
0.2559
0.2588
0.2627
0.2576
0.2504
0.2665
0.2534
0.2470
0.2604
0.2407
0.2353
0.2574
0.2480
0.2422
0.2407
0.2370
0.2416
0.2279
0.2285
0.2367
0.2371
0.2267
0.2295
0.2362
0.2356
0.2348
0.2371
0.2268
0.2289
0.2233
0.2264
0.2198
0.2169
0.2340
0.2185
0.2082
0.2140
0.2197
0.2184
0.2085
0.2159
0.2118
0.2015
0.2106
