0.5871
0.5083
0.4712
0.4581
0.4467
0.4304
0.4281
0.4126
0.4019
0.4031
0.3904
0.3875
0.3810
0.3866
0.3682
0.3714
0.3654
0.3666
0.3657
0.3686
0.3476
0.3512
0.3450
0.3459
0.3381
0.3386
0.3423
0.3381
0.3310
0.3243
0.3221
0.3221
0.3251
0.3211
0.3203
0.3210
0.3024
0.3095
0.3034
0.3104
0.2969
0.3017
0.2894
0.2926
0.2932
0.2858
0.2805
0.2855
0.2839
0.2804
0.2851
0.2801
0.2786
0.2789
0.2797
0.2782
0.2653
0.2693
0.2573
0.2636
0.2584
0.2694
0.2594
0.2586
0.2644
0.2605
0.2507
0.2612
0.2577
0.2501
0.2450
0.2526
0.2412
0.2526
0.2433
0.2375
0.2364
0.2336
0.2473
0.2486
0.2437
0.2316
0.2429
0.2277
0.2206
0.2236
0.2367
0.2260
0.2207
0.2233
0.2195
0.2140
0.2286
0.2187
0.2184
0.2133
0.2263
0.2336
0.2143
0.2192
