0.5681
0.5028
0.4664
0.4491
0.4318
0.4227
0.4179
0.4099
0.3972
0.3899
0.3832
0.3743
0.3748
0.3719
0.3665
0.3593
0.3538
0.3549
0.3444
0.3534
0.3385
0.3367
0.3349
0.3331
0.3293
0.3293
0.3294
0.3178
0.3126
0.3199
0.3267
0.3130
0.3176
0.3124
0.3004
0.2940
0.2941
0.2854
0.2917
0.2896
0.2927
0.3016
0.2842
0.2866
0.2976
0.2812
0.2768
0.2713
0.2711
0.2822
0.2797
0.2742
0.2621
0.2678
0.2684
0.2553
0.2559
0.2512
0.2553
0.2535
0.2499
0.2584
0.2422
0.2508
0.2413
0.2493
0.2362
0.2481
0.2448
0.2342
0.2453
0.2380
0.2341
0.2309
0.2237
0.2403
0.2354
0.2325
0.2319
0.2310
0.2295
0.2257
0.2113
0.2152
0.2458
0.2202
0.2307
0.2169
0.2210
0.2227
0.2147
0.2120
0.2323
0.2157
0.2079
0.2066
0.2046
0.2108
0.2112
0.2018
