0.5774
0.5158
0.5014
0.4698
0.4691
0.4528
0.4480
0.4333
0.4259
0.4160
0.4007
0.4000
0.4033
0.4024
0.3906
0.3926
0.3845
0.3812
0.3740
0.3695
0.3658
0.3855
0.3700
0.3690
0.3514
0.3462
0.3468
0.3382
0.3480
0.3372
0.3295
0.3428
0.3784
0.3295
0.3293
0.3314
0.3375
0.3199
0.3286
0.3137
0.3217
0.3195
0.3226
0.3223
0.3115
0.3028
0.2972
0.3013
0.2957
0.2895
0.3096
0.3098
0.2940
0.2847
0.2952
0.2931
0.3017
0.2862
0.2815
0.2768
0.2832
0.3077
0.2856
0.2748
0.2728
0.2631
0.2784
0.2749
0.2694
0.2920
0.2726
0.2604
0.2465
0.2590
0.2613
0.2592
0.2571
0.2584
0.2640
0.2417
0.2570
0.2866
0.2452
0.2551
0.2593
0.2510
0.2445
0.2528
0.2372
0.2329
0.2495
0.2334
0.2338
0.2266
0.2268
0.2272
0.2450
0.2427
0.2559
0.2297
