0.5725
0.5105
0.4734
0.4601
0.4457
0.4324
0.4193
0.4243
0.4070
0.3992
0.3902
0.3925
0.3812
0.3828
0.3785
0.3698
0.3657
0.3602
0.3605
0.3568
0.3481
0.3529
0.3362
0.3485
0.3402
0.3277
0.3330
0.3310
0.3283
0.3225
0.3198
0.3190
0.3156
0.3115
0.3005
0.3117
0.3064
0.3000
0.3025
0.2934
0.2991
0.2990
0.2902
0.2868
0.2844
0.2909
0.2891
0.2846
0.2764
0.2739
0.2706
0.2742
0.2683
0.2641
0.2605
0.2609
0.2550
0.2699
0.2606
0.2587
0.2537
0.2589
0.2661
0.2548
0.2466
0.2466
0.2457
0.2424
0.2475
0.2347
0.2399
0.2384
0.2356
0.2509
0.2430
0.2389
0.2331
0.2323
0.2383
0.2414
0.2309
0.2292
0.2296
0.2237
0.2520
0.2295
0.2222
0.2190
0.2261
0.2158
0.2167
0.2121
0.2252
0.2210
0.2128
0.2146
0.2174
0.2120
0.2082
0.2113
