0.5879
0.5048
0.4740
0.4556
0.4406
0.4312
0.4283
0.4112
0.4055
0.3978
0.3983
0.3841
0.3829
0.3848
0.3724
0.3722
0.3597
0.3637
0.3534
0.3504
0.3452
0.3440
0.3342
0.3326
0.3303
0.3302
0.3254
0.3284
0.3167
0.3159
0.3240
0.3129
0.2998
0.3062
0.2960
0.3093
0.2989
0.3026
0.2929
0.2992
0.2911
0.2850
0.2873
0.2924
0.2761
0.2812
0.2753
0.2836
0.2820
0.2741
0.2686
0.2721
0.2736
0.2673
0.2546
0.2645
0.2650
0.2627
0.2608
0.2578
0.2525
0.2541
0.2591
0.2506
0.2414
0.2445
0.2438
0.2446
0.2556
0.2524
0.2349
0.2302
0.2327
0.2336
0.2361
0.2294
0.2293
0.2414
0.2280
0.2289
0.2294
0.2232
0.2352
0.2250
0.2253
0.2310
0.2235
0.2172
0.2182
0.2209
0.2194
0.2309
0.2135
0.2140
0.2118
0.2089
0.2096
0.2137
0.2063
0.2079
