0.5750
0.5040
0.4694
0.4544
0.4368
0.4290
0.4166
0.4146
0.3990
0.4004
0.3943
0.3808
0.3831
0.3755
0.3730
0.3686
0.3645
0.3644
0.3547
0.3535
0.3622
0.3485
0.3386
0.3412
0.3359
0.3313
0.3295
0.3373
0.3244
0.3229
0.3187
0.3113
0.3144
0.3103
0.3075
0.3094
0.3085
0.2979
0.2986
0.3001
0.2986
0.2924
0.3008
0.2899
0.2928
0.2882
0.2926
0.2876
0.2770
0.2819
0.2715
0.2708
0.2675
0.2689
0.2773
0.2631
0.2712
0.2734
0.2583
0.2581
0.2559
0.2609
0.2514
0.2533
0.2565
0.2505
0.2463
0.2468
0.2494
0.2427
0.2450
0.2392
0.2434
0.2429
0.2383
0.2350
0.2338
0.2315
0.2303
0.2388
0.2284
0.2300
0.2354
0.2288
0.2266
0.2383
0.2210
0.2251
0.2205
0.2214
0.2198
0.2124
0.2163
0.2080
0.2065
0.2130
0.2188
0.2158
0.2023
0.2063
