0.5724
0.4992
0.4749
0.4595
0.4596
0.4349
0.4298
0.4310
0.4174
0.4089
0.4054
0.3970
0.3922
0.3880
0.3840
0.3756
0.3682
0.3661
0.3648
0.3663
0.3630
0.3478
0.3507
0.3556
0.3377
0.3434
0.3342
0.3322
0.3295
0.3374
0.3344
0.3253
0.3268
0.3227
0.3208
0.3150
0.3118
0.3101
0.3085
0.3180
0.3101
0.3016
0.2975
0.2957
0.2998
0.3051
0.2979
0.2887
0.2864
0.2775
0.2723
0.2867
0.2804
0.2927
0.2772
0.2853
0.2834
0.2836
0.2920
0.2946
0.2676
0.2853
0.2705
0.2713
0.2709
0.2663
0.2620
0.2597
0.2529
0.2626
0.2464
0.2522
0.2662
0.2596
0.2477
0.2538
0.2444
0.2433
0.2438
0.2520
0.2403
0.2447
0.2527
0.2477
0.2400
0.2264
0.2388
0.2298
0.2275
0.2264
0.2299
0.2422
0.2330
0.2304
0.2234
0.2229
0.2172
0.2196
0.2219
0.2196
