0.5796
0.5053
0.4709
0.4570
0.4337
0.4233
0.4137
0.4137
0.4048
0.3929
0.3814
0.3780
0.3727
0.3678
0.3648
0.3561
0.3574
0.3493
0.3460
0.3518
0.3365
0.3349
0.3283
0.3295
0.3268
0.3319
0.3246
0.3174
0.3277
0.3083
0.3090
0.3071
0.3054
0.3038
0.3004
0.2949
0.2903
0.2960
0.2984
0.2968
0.2895
0.2900
0.2921
0.2813
0.2825
0.2815
0.2870
0.2847
0.2720
0.2664
0.2697
0.2695
0.2662
0.2619
0.2654
0.2598
0.2541
0.2611
0.2572
0.2718
0.2517
0.2523
0.2556
0.2523
0.2442
0.2490
0.2498
0.2461
0.2435
0.2431
0.2476
0.2369
0.2366
0.2405
0.2387
0.2342
0.2399
0.2335
0.2318
0.2271
0.2277
0.2247
0.2230
0.2266
0.2178
0.2260
0.2243
0.2143
0.2052
0.2238
0.2250
0.2086
0.2081
0.2121
0.2152
0.2110
0.2082
0.2099
0.2079
0.2078
