0.5679
0.5064
0.4732
0.4599
0.4491
0.4377
0.4213
0.4190
0.4201
0.4047
0.4005
0.3974
0.3861
0.3866
0.3819
0.3794
0.3644
0.3558
0.3509
0.3573
0.3609
0.3467
0.3458
0.3407
0.3352
0.3293
0.3281
0.3272
0.3217
0.3236
0.3236
0.3152
0.3091
0.3132
0.3261
0.3031
0.3093
0.3024
0.2900
0.2993
0.2901
0.2937
0.2949
0.2852
0.2866
0.2795
0.2836
0.2809
0.2740
0.2865
0.2755
0.2701
0.2787
0.2675
0.2693
0.2625
0.2653
0.2564
0.2662
0.2699
0.2608
0.2611
0.2547
0.2581
0.2540
0.2596
0.2567
0.2505
0.2527
0.2425
0.2405
0.2400
0.2456
0.2411
0.2401
0.2450
0.2426
0.2399
0.2439
0.2315
0.2311
0.2315
0.2400
0.2392
0.2261
0.2219
0.2233
0.2235
0.2243
0.2199
0.2261
0.2308
0.2148
0.2201
0.2328
0.2156
0.2204
0.2151
0.2107
0.2047
