0.5803
0.5010
0.4878
0.4616
0.4489
0.4333
0.4333
0.4193
0.4109
0.4014
0.3994
0.3933
0.3858
0.3780
0.3828
0.3714
0.3685
0.3647
0.3632
0.3604
0.3550
0.3577
0.3516
0.3363
0.3454
0.3358
0.3319
0.3278
0.3309
0.3206
0.3230
0.3167
0.3185
0.3045
0.3081
0.3141
0.3084
0.3039
0.3008
0.3003
0.2983
0.2899
0.2893
0.2909
0.2917
0.2902
0.2797
0.2922
0.2773
0.2784
0.2725
0.2650
0.2654
0.2656
0.2670
0.2640
0.2607
0.2619
0.2679
0.2689
0.2569
0.2608
0.2466
0.2532
0.2548
0.2466
0.2445
0.2431
0.2427
0.2372
0.2449
0.2316
0.2373
0.2342
0.2443
0.2357
0.2275
0.2325
0.2333
0.2272
0.2210
0.2241
0.2151
0.2261
0.2316
0.2257
0.2103
0.2128
0.2200
0.2208
0.2087
0.2148
0.2101
0.2062
0.2108
0.2175
0.2180
0.2132
0.2060
0.2084
