0.5566
0.4935
0.4577
0.4419
0.4359
0.4277
0.4241
0.3985
0.3946
0.3868
0.3805
0.3773
0.3709
0.3723
0.3649
0.3626
0.3564
0.3479
0.3580
0.3496
0.3437
0.3387
0.3367
0.3358
0.3400
0.3270
0.3360
0.3243
0.3307
0.3225
0.3142
0.3184
0.3226
0.3123
0.3125
0.3038
0.2977
0.3081
0.3042
0.3066
0.2896
0.2927
0.2894
0.2894
0.2807
0.2846
0.2779
0.2858
0.2748
0.2793
0.2711
0.2730
0.2744
0.2663
0.2641
0.2532
0.2589
0.2679
0.2568
0.2567
0.2711
0.2603
0.2487
0.2507
0.2379
0.2397
0.2387
0.2455
0.2459
0.2356
0.2358
0.2321
0.2426
0.2430
0.2417
0.2340
0.2238
0.2278
0.2307
0.2311
0.2272
0.2243
0.2370
0.2245
0.2201
0.2183
0.2270
0.2357
0.2744
0.2162
0.2254
0.2173
0.2201
0.2156
0.2058
0.2009
0.2075
0.2011
0.2021
0.1989
