0.5651
0.4874
0.4625
0.4411
0.4284
0.4168
0.4243
0.3975
0.3945
0.3927
0.3808
0.3696
0.3707
0.3633
0.3631
0.3565
0.3613
0.3456
0.3446
0.3354
0.3339
0.3356
0.3305
0.3234
0.3263
0.3253
0.3162
0.3123
0.3227
0.3046
0.3093
0.3039
0.3106
0.2969
0.2936
0.2960
0.3006
0.2863
0.2946
0.2961
0.2861
0.2769
0.2772
0.2753
0.2818
0.2725
0.2782
0.2684
0.2655
0.2814
0.2685
0.2626
0.2626
0.2587
0.2528
0.2565
0.2542
0.2496
0.2525
0.2512
0.2539
0.2478
0.2417
0.2433
0.2460
0.2424
0.2385
0.2359
0.2374
0.2357
0.2364
0.2378
0.2356
0.2363
0.2417
0.2248
0.2304
0.2228
0.2329
0.2257
0.2286
0.2211
0.2179
0.2123
0.2145
0.2126
0.2164
0.2155
0.2084
0.2080
0.2078
0.2057
0.2096
0.2066
0.2143
0.2038
0.2062
0.2002
0.2027
0.2006
