0.5517
0.4795
0.4518
0.4355
0.4257
0.4194
0.4065
0.3957
0.3976
0.3827
0.3801
0.3723
0.3693
0.3672
0.3552
0.3538
0.3506
0.3479
0.3449
0.3394
0.3378
0.3357
0.3319
0.3295
0.3313
0.3179
0.3133
0.3101
0.3165
0.3089
0.3032
0.3042
0.3084
0.2955
0.2999
0.2936
0.2919
0.2962
0.2830
0.2822
0.2802
0.2824
0.2791
0.2709
0.2726
0.2678
0.2694
0.2698
0.2644
0.2551
0.2610
0.2607
0.2579
0.2536
0.2477
0.2509
0.2594
0.2551
0.2448
0.2431
0.2505
0.2445
0.2365
0.2393
0.2456
0.2311
0.2291
0.2321
0.2320
0.2279
0.2292
0.2306
0.2201
0.2285
0.2324
0.2220
0.2231
0.2218
0.2161
0.2220
0.2285
0.2175
0.2128
0.2089
0.2013
0.2059
0.2049
0.2057
0.2088
0.2133
0.2100
0.1986
0.1990
0.2023
0.2009
0.2004
0.1949
0.2034
0.1905
0.1907
