0.5625
0.4790
0.4489
0.4429
0.4334
0.4130
0.4026
0.3962
0.3872
0.3824
0.3904
0.3759
0.3644
0.3653
0.3558
0.3584
0.3478
0.3429
0.3454
0.3427
0.3313
0.3301
0.3331
0.3296
0.3256
0.3140
0.3149
0.3139
0.3181
0.3039
0.3002
0.3150
0.3037
0.2990
0.2944
0.2935
0.2903
0.2933
0.2911
0.2887
0.2807
0.2772
0.2768
0.2759
0.2759
0.2729
0.2755
0.2761
0.2790
0.2732
0.2615
0.2662
0.2542
0.2574
0.2529
0.2549
0.2557
0.2586
0.2532
0.2502
0.2476
0.2544
0.2414
0.2352
0.2486
0.2381
0.2377
0.2419
0.2396
0.2310
0.2377
0.2386
0.2293
0.2304
0.2453
0.2266
0.2244
0.2306
0.2261
0.2233
0.2207
0.2256
0.2258
0.2213
0.2205
0.2266
0.2214
0.2131
0.2088
0.2170
0.2235
0.2142
0.2074
0.2104
0.1955
0.2029
0.2007
0.1958
0.2038
0.2023
