0.5705
0.4939
0.4665
0.4477
0.4339
0.4255
0.4151
0.4059
0.4017
0.3937
0.3848
0.3786
0.3767
0.3712
0.3741
0.3608
0.3593
0.3483
0.3474
0.3473
0.3438
0.3360
0.3413
0.3362
0.3250
0.3256
0.3236
0.3182
0.3155
0.3201
0.3140
0.3046
0.3145
0.3086
0.3041
0.3012
0.2967
0.2966
0.2954
0.2867
0.2908
0.2858
0.2805
0.2884
0.2812
0.2831
0.2757
0.2762
0.2719
0.2704
0.2711
0.2613
0.2671
0.2668
0.2593
0.2584
0.2542
0.2529
0.2551
0.2545
0.2478
0.2410
0.2450
0.2480
0.2376
0.2480
0.2401
0.2405
0.2359
0.2354
0.2379
0.2446
0.2338
0.2374
0.2367
0.2248
0.2365
0.2256
0.2229
0.2336
0.2251
0.2209
0.2420
0.2247
0.2312
0.2186
0.2090
0.2064
0.2138
0.2135
0.2135
0.2082
0.1995
0.2112
0.2119
0.2042
0.2112
0.1940
0.2110
0.1986
