0.5497
0.4709
0.4507
0.4342
0.4245
0.4092
0.4078
0.3967
0.3955
0.3858
0.3739
0.3674
0.3643
0.3592
0.3588
0.3490
0.3456
0.3464
0.3390
0.3407
0.3416
0.3294
0.3280
0.3209
0.3207
0.3145
0.3190
0.3078
0.3086
0.3218
0.3125
0.3013
0.3089
0.2995
0.2933
0.2975
0.2976
0.2922
0.2854
0.2809
0.2822
0.2769
0.2759
0.2717
0.2809
0.2773
0.2665
0.2648
0.2696
0.2810
0.2640
0.2704
0.2658
0.2597
0.2670
0.2555
0.2535
0.2521
0.2559
0.2432
0.2550
0.2542
0.2406
0.2432
0.2534
0.2342
0.2419
0.2373
0.2282
0.2363
0.2405
0.2305
0.2281
0.2372
0.2282
0.2330
0.2253
0.2183
0.2200
0.2230
0.2226
0.2153
0.2272
0.2217
0.2181
0.2135
0.2104
0.2088
0.2127
0.2100
0.2080
0.2074
0.2231
0.2037
0.2189
0.2189
0.2134
0.1960
0.1976
0.2045
