0.5710
0.4943
0.4703
0.4575
0.4320
0.4166
0.4099
0.4089
0.4008
0.3891
0.3894
0.3818
0.3762
0.3751
0.3669
0.3626
0.3587
0.3488
0.3490
0.3483
0.3421
0.3410
0.3325
0.3337
0.3270
0.3235
0.3323
0.3256
0.3133
0.3157
0.3257
0.3093
0.3081
0.3024
0.3015
0.2963
0.3027
0.2926
0.2922
0.2935
0.2870
0.2890
0.2809
0.2786
0.2788
0.2791
0.2795
0.2696
0.2698
0.2721
0.2688
0.2700
0.2685
0.2722
0.2667
0.2638
0.2632
0.2585
0.2552
0.2532
0.2499
0.2533
0.2490
0.2447
0.2385
0.2485
0.2533
0.2414
0.2360
0.2385
0.2338
0.2424
0.2335
0.2337
0.2302
0.2218
0.2274
0.2253
0.2297
0.2272
0.2186
0.2199
0.2256
0.2215
0.2232
0.2263
0.2113
0.2131
0.2066
0.2086
0.2179
0.2077
0.2045
0.2201
0.2130
0.1997
0.1980
0.2043
0.2021
0.2006
