0.5585
0.4743
0.4472
0.4318
0.4190
0.4178
0.4066
0.4015
0.3926
0.3825
0.3725
0.3737
0.3665
0.3647
0.3529
0.3545
0.3490
0.3543
0.3420
0.3353
0.3306
0.3299
0.3327
0.3256
0.3235
0.3172
0.3076
0.3105
0.3019
0.3112
0.3098
0.3027
0.3064
0.2992
0.2882
0.2917
0.2900
0.2840
0.2958
0.2824
0.2852
0.2738
0.2865
0.2779
0.2719
0.2698
0.2718
0.2738
0.2656
0.2653
0.2659
0.2613
0.2661
0.2580
0.2624
0.2474
0.2627
0.2500
0.2439
0.2441
0.2513
0.2440
0.2547
0.2392
0.2367
0.2403
0.2340
0.2368
0.2377
0.2380
0.2495
0.2379
0.2344
0.2241
0.2266
0.2202
0.2225
0.2267
0.2338
0.2251
0.2155
0.2140
0.2167
0.2210
0.2154
0.2110
0.2163
0.2091
0.2092
0.2093
0.2066
0.2048
0.2061
0.2034
0.2131
0.2026
0.1956
0.2024
0.2026
0.2045
