0.5645
0.4794
0.4561
0.4422
0.4229
0.4240
0.4073
0.4008
0.3935
0.3886
0.3813
0.3769
0.3670
0.3676
0.3625
0.3559
0.3525
0.3491
0.3549
0.3430
0.3367
0.3393
0.3385
0.3263
0.3230
0.3259
0.3231
0.3201
0.3109
0.3052
0.3067
0.3087
0.3111
0.3048
0.2970
0.2955
0.3008
0.2921
0.2860
0.2869
0.2889
0.2854
0.2946
0.2808
0.2762
0.2767
0.2809
0.2660
0.2694
0.2675
0.2650
0.2759
0.2611
0.2664
0.2564
0.2555
0.2615
0.2552
0.2577
0.2588
0.2538
0.2456
0.2629
0.2540
0.2512
0.2436
0.2401
0.2463
0.2512
0.2403
0.2395
0.2389
0.2388
0.2310
0.2304
0.2377
0.2271
0.2269
0.2287
0.2277
0.2201
0.2232
0.2214
0.2340
0.2183
0.2224
0.2248
0.2146
0.2151
0.2189
0.2250
0.2087
0.2216
0.2148
0.2181
0.2161
0.2077
0.2035
0.2125
0.2041
