0.5504
0.4738
0.4544
0.4344
0.4268
0.4183
0.4062
0.3948
0.3909
0.3798
0.3798
0.3684
0.3627
0.3636
0.3544
0.3512
0.3463
0.3423
0.3351
0.3298
0.3308
0.3333
0.3213
0.3218
0.3194
0.3068
0.3079
0.3154
0.3039
0.3055
0.3028
0.2999
0.2946
0.2924
0.2939
0.2962
0.2818
0.2842
0.2800
0.2834
0.2881
0.2720
0.2738
0.2751
0.2744
0.2664
0.2606
0.2597
0.2607
0.2633
0.2626
0.2561
0.2533
0.2507
0.2607
0.2503
0.2557
0.2535
0.2503
0.2457
0.2433
0.2395
0.2342
0.2392
0.2325
0.2348
0.2438
0.2278
0.2390
0.2310
0.2230
0.2280
0.2216
0.2237
0.2264
0.2202
0.2161
0.2228
0.2183
0.2221
0.2139
0.2148
0.2179
0.2179
0.2159
0.2166
0.2017
0.2153
0.2155
0.2063
0.1987
0.2060
0.2066
0.2076
0.2065
0.2027
0.1969
0.1983
0.1924
0.2053
