0.5802
0.5025
0.4846
0.4601
0.4567
0.4359
0.4330
0.4203
0.4152
0.4003
0.4066
0.3940
0.3882
0.3859
0.3757
0.3792
0.3683
0.3697
0.3647
0.3591
0.3579
0.3469
0.3436
0.3369
0.3393
0.3340
0.3306
0.3238
0.3252
0.3288
0.3181
0.3187
0.3067
0.3123
0.3028
0.3082
0.2996
0.3004
0.3095
0.2922
0.2903
0.2957
0.2849
0.2871
0.2825
0.2899
0.2782
0.2859
0.2789
0.2719
0.2683
0.2727
0.2655
0.2653
0.2553
0.2662
0.2683
0.2568
0.2550
0.2527
0.2623
0.2574
0.2528
0.2431
0.2497
0.2499
0.2411
0.2426
0.2406
0.2365
0.2390
0.2328
0.2418
0.2305
0.2353
0.2295
0.2284
0.2228
0.2376
0.2245
0.2223
0.2234
0.2188
0.2232
0.2271
0.2217
0.2195
0.2220
0.2103
0.2101
0.2154
0.2093
0.2197
0.2058
0.2085
0.2129
0.2128
0.2096
0.2045
0.2072
