0.5676
0.4907
0.4577
0.4411
0.4309
0.4180
0.4122
0.4010
0.3979
0.3882
0.3832
0.3855
0.3768
0.3683
0.3579
0.3632
0.3567
0.3518
0.3459
0.3339
0.3325
0.3367
0.3338
0.3329
0.3313
0.3220
0.3281
0.3166
0.3097
0.3204
0.3150
0.3056
0.3060
0.3150
0.3028
0.3042
0.2948
0.2904
0.3038
0.2887
0.2893
0.2834
0.2792
0.2783
0.2727
0.2868
0.2964
0.2699
0.2706
0.2656
0.2680
0.2700
0.2796
0.2624
0.2678
0.2666
0.2690
0.2580
0.2595
0.2525
0.2536
0.2620
0.2454
0.2432
0.2522
0.2482
0.2512
0.2362
0.2428
0.2360
0.2493
0.2428
0.2418
0.2387
0.2374
0.2360
0.2392
0.2351
0.2314
0.2255
0.2235
0.2240
0.2235
0.2235
0.2271
0.2210
0.2275
0.2140
0.2217
0.2122
0.2128
0.2174
0.2159
0.2117
0.2125
0.2104
0.2122
0.2188
0.2249
0.2080
