0.5833
0.4968
0.4687
0.4455
0.4375
0.4185
0.4097
0.4073
0.3978
0.3987
0.3863
0.3733
0.3816
0.3728
0.3668
0.3597
0.3823
0.3548
0.3513
0.3476
0.3490
0.3389
0.3463
0.3325
0.3310
0.3353
0.3296
0.3299
0.3253
0.3247
0.3104
0.3116
0.3060
0.3084
0.3071
0.3044
0.3020
0.2935
0.3034
0.2966
0.2956
0.2944
0.2881
0.2888
0.2794
0.2785
0.2881
0.2706
0.2735
0.2730
0.2741
0.2725
0.2682
0.2648
0.2636
0.2610
0.2641
0.2568
0.2611
0.2564
0.2487
0.2459
0.2482
0.2409
0.2460
0.2498
0.2525
0.2545
0.2605
0.2450
0.2298
0.2383
0.2364
0.2340
0.2319
0.2231
0.2315
0.2328
0.2298
0.2306
0.2145
0.2191
0.2171
0.2214
0.2202
0.2162
0.2146
0.2134
0.2104
0.2145
0.2083
0.2079
0.2082
0.2038
0.2013
0.1987
0.1972
0.1993
0.2075
0.2193
