0.5573
0.4869
0.4525
0.4358
0.4155
0.4071
0.4037
0.3930
0.3843
0.3784
0.3746
0.3669
0.3620
0.3587
0.3573
0.3574
0.3522
0.3409
0.3452
0.3353
0.3302
0.3302
0.3244
0.3186
0.3219
0.3162
0.3161
0.3123
0.3091
0.3092
0.3022
0.2935
0.2982
0.2949
0.2925
0.2934
0.2986
0.2845
0.2797
0.2764
0.2821
0.2773
0.2754
0.2786
0.2706
0.2874
0.2730
0.2627
0.2651
0.2594
0.2635
0.2553
0.2615
0.2576
0.2457
0.2448
0.2644
0.2546
0.2486
0.2495
0.2496
0.2489
0.2449
0.2450
0.2360
0.2353
0.2317
0.2376
0.2309
0.2346
0.2272
0.2299
0.2264
0.2208
0.2250
0.2227
0.2212
0.2237
0.2239
0.2139
0.2281
0.2152
0.2062
0.2093
0.2194
0.2102
0.2145
0.2115
0.2157
0.2162
0.1957
0.1955
0.2058
0.2013
0.2048
0.2062
0.2125
0.2073
0.2013
0.1976
