0.5574
0.4855
0.4530
0.4404
0.4297
0.4168
0.4133
0.3996
0.3917
0.3888
0.3860
0.3725
0.3747
0.3656
0.3594
0.3665
0.3501
0.3490
0.3452
0.3389
0.3367
0.3348
0.3301
0.3266
0.3254
0.3243
0.3169
0.3215
0.3113
0.3064
0.3092
0.3108
0.3048
0.3036
0.2957
0.2932
0.2852
0.2954
0.2912
0.2856
0.2818
0.2822
0.2799
0.2719
0.2700
0.2784
0.2720
0.2704
0.2672
0.2686
0.2659
0.2639
0.2603
0.2530
0.2481
0.2564
0.2429
0.2441
0.2459
0.2493
0.2463
0.2413
0.2465
0.2406
0.2385
0.2339
0.2439
0.2327
0.2251
0.2306
0.2360
0.2386
0.2245
0.2186
0.2258
0.2291
0.2267
0.2138
0.2337
0.2198
0.2161
0.2145
0.2271
0.2145
0.2107
0.2107
0.2116
0.2100
0.2035
0.2112
0.2103
0.2082
0.2069
0.2069
0.2055
0.1953
0.2118
0.2080
0.1980
0.1990
