0.5790
0.5044
0.4858
0.4608
0.4523
0.4339
0.4332
0.4221
0.4289
0.4044
0.4008
0.3956
0.3800
0.3786
0.3853
0.3720
0.3690
0.3579
0.3552
0.3685
0.3596
0.3494
0.3449
0.3418
0.3432
0.3333
0.3336
0.3284
0.3228
0.3215
0.3224
0.3271
0.3149
0.3145
0.3180
0.3086
0.3046
0.2986
0.2982
0.2953
0.2939
0.2924
0.2964
0.2927
0.2901
0.2873
0.2834
0.2739
0.2832
0.2740
0.2764
0.2695
0.2725
0.2693
0.2658
0.2700
0.2623
0.2578
0.2636
0.2642
0.2559
0.2630
0.2544
0.2564
0.2564
0.2483
0.2473
0.2524
0.2556
0.2405
0.2474
0.2475
0.2416
0.2411
0.2405
0.2372
0.2306
0.2297
0.2329
0.2315
0.2339
0.2323
0.2280
0.2222
0.2276
0.2181
0.2280
0.2232
0.2201
0.2201
0.2145
0.2236
0.2141
0.2108
0.2185
0.2141
0.2053
0.2097
0.2250
0.2233
