0.5564
0.4717
0.4544
0.4441
0.4228
0.4133
0.4029
0.3896
0.3962
0.3808
0.3802
0.3683
0.3666
0.3617
0.3586
0.3530
0.3458
0.3453
0.3427
0.3322
0.3394
0.3355
0.3266
0.3250
0.3270
0.3192
0.3137
0.3114
0.3125
0.3075
0.3047
0.3022
0.3020
0.3045
0.2908
0.2916
0.2884
0.2947
0.2926
0.2802
0.2809
0.2829
0.2813
0.2775
0.2689
0.2697
0.2739
0.2827
0.2669
0.2626
0.2632
0.2624
0.2593
0.2560
0.2514
0.2527
0.2470
0.2502
0.2474
0.2547
0.2454
0.2494
0.2399
0.2464
0.2415
0.2334
0.2378
0.2329
0.2364
0.2336
0.2365
0.2266
0.2257
0.2271
0.2245
0.2213
0.2317
0.2203
0.2124
0.2194
0.2207
0.2117
0.2125
0.2174
0.2098
0.2096
0.2190
0.2142
0.2174
0.2024
0.2113
0.2121
0.2143
0.1988
0.2086
0.1999
0.2003
0.1949
0.1936
0.1940
