0.5620
0.4882
0.4604
0.4455
0.4270
0.4197
0.4099
0.4008
0.3919
0.3888
0.3846
0.3748
0.3706
0.3623
0.3670
0.3571
0.3480
0.3485
0.3478
0.3425
0.3403
0.3348
0.3343
0.3291
0.3279
0.3195
0.3258
0.3164
0.3160
0.3101
0.3065
0.2968
0.3019
0.3028
0.3038
0.3025
0.2965
0.2948
0.2911
0.2884
0.2796
0.2756
0.2717
0.2807
0.2727
0.2801
0.2755
0.2633
0.2692
0.2648
0.2629
0.2609
0.2644
0.2619
0.2535
0.2545
0.2710
0.2509
0.2471
0.2418
0.2460
0.2454
0.2484
0.2490
0.2410
0.2466
0.2413
0.2394
0.2306
0.2275
0.2319
0.2347
0.2270
0.2258
0.2331
0.2271
0.2239
0.2260
0.2277
0.2181
0.2140
0.2158
0.2241
0.2143
0.2290
0.2195
0.2167
0.2139
0.2111
0.2199
0.2123
0.2112
0.2074
0.2097
0.2047
0.2021
0.2101
0.2009
0.2018
0.2024
