0.5731
0.4856
0.4518
0.4333
0.4255
0.4103
0.4015
0.3969
0.4053
0.3828
0.3774
0.3682
0.3724
0.3605
0.3552
0.3520
0.3494
0.3456
0.3426
0.3362
0.3444
0.3317
0.3308
0.3279
0.3247
0.3275
0.3120
0.3118
0.3155
0.3040
0.3072
0.3051
0.3018
0.3028
0.2923
0.2895
0.2886
0.2789
0.2860
0.2868
0.2861
0.2812
0.2804
0.2694
0.2780
0.2680
0.2765
0.2637
0.2653
0.2639
0.2676
0.2635
0.2632
0.2582
0.2580
0.2520
0.2465
0.2504
0.2458
0.2479
0.2459
0.2436
0.2380
0.2397
0.2370
0.2343
0.2317
0.2259
0.2347
0.2292
0.2266
0.2263
0.2250
0.2276
0.2412
0.2329
0.2127
0.2170
0.2234
0.2165
0.2234
0.2123
0.2252
0.2182
0.2149
0.2043
0.2055
0.2033
0.2014
0.2081
0.2164
0.1997
0.2021
0.2060
0.2041
0.1931
0.1966
0.1967
0.1938
0.1927
