0.5525
0.4843
0.4712
0.4484
0.4343
0.4181
0.4122
0.4056
0.4061
0.3941
0.3910
0.3780
0.3764
0.3690
0.3764
0.3752
0.3561
0.3554
0.3496
0.3582
0.3414
0.3443
0.3413
0.3315
0.3317
0.3298
0.3210
0.3228
0.3164
0.3155
0.3093
0.3135
0.3097
0.3057
0.3070
0.3045
0.2975
0.2970
0.2924
0.2916
0.2989
0.2904
0.2946
0.2810
0.2841
0.2728
0.2858
0.2768
0.2695
0.2797
0.2632
0.2786
0.2659
0.2758
0.2657
0.2701
0.2602
0.2582
0.2617
0.2537
0.2582
0.2477
0.2462
0.2527
0.2411
0.2587
0.2383
0.2407
0.2537
0.2355
0.2492
0.2440
0.2398
0.2286
0.2343
0.2275
0.2295
0.2286
0.2230
0.2338
0.2243
0.2228
0.2201
0.2239
0.2246
0.2336
0.2233
0.2120
0.2110
0.2211
0.2209
0.2200
0.2158
0.2046
0.2052
0.2096
0.2117
0.2055
0.2025
0.2045
