0.5700
0.4777
0.4523
0.4362
0.4307
0.4167
0.4044
0.3961
0.3915
0.3867
0.3774
0.3722
0.3722
0.3690
0.3571
0.3594
0.3600
0.3420
0.3436
0.3376
0.3425
0.3417
0.3238
0.3237
0.3267
0.3193
0.3194
0.3187
0.3110
0.3088
0.3017
0.2980
0.2989
0.2986
0.2998
0.2942
0.2895
0.2829
0.2844
0.2818
0.2772
0.2827
0.2776
0.2701
0.2696
0.2692
0.2652
0.2608
0.2652
0.2606
0.2552
0.2551
0.2583
0.2484
0.2477
0.2540
0.2435
0.2518
0.2460
0.2470
0.2404
0.2342
0.2330
0.2410
0.2373
0.2327
0.2365
0.2283
0.2300
0.2310
0.2297
0.2275
0.2282
0.2195
0.2194
0.2208
0.2224
0.2290
0.2181
0.2250
0.2147
0.2144
0.2107
0.2119
0.2089
0.2399
0.2088
0.2028
0.2031
0.1976
0.1976
0.2064
0.1959
0.1971
0.2037
0.2006
0.1948
0.1989
0.1934
0.1879
