0.5599
0.4901
0.4645
0.4419
0.4345
0.4171
0.4091
0.4067
0.3930
0.3865
0.3814
0.3787
0.3701
0.3721
0.3715
0.3667
0.3662
0.3508
0.3434
0.3451
0.3405
0.3416
0.3338
0.3271
0.3339
0.3319
0.3221
0.3241
0.3185
0.3098
0.3100
0.3055
0.3116
0.3050
0.2980
0.2925
0.2907
0.2970
0.2880
0.2870
0.2958
0.2825
0.2826
0.2855
0.2829
0.2769
0.2798
0.2757
0.2746
0.2699
0.2670
0.2641
0.2613
0.2679
0.2613
0.2612
0.2591
0.2688
0.2581
0.2546
0.2621
0.2575
0.2479
0.2456
0.2437
0.2416
0.2403
0.2424
0.2393
0.2401
0.2363
0.2366
0.2393
0.2388
0.2338
0.2375
0.2284
0.2328
0.2297
0.2229
0.2142
0.2274
0.2226
0.2311
0.2156
0.2249
0.2165
0.2242
0.2174
0.2186
0.2192
0.2120
0.2172
0.2075
0.2109
0.2081
0.2004
0.2075
0.2077
0.2057
