0.5530
0.4738
0.4582
0.4351
0.4191
0.4108
0.3989
0.3941
0.3880
0.3764
0.3764
0.3643
0.3609
0.3539
0.3549
0.3574
0.3458
0.3405
0.3386
0.3350
0.3304
0.3221
0.3208
0.3191
0.3157
0.3179
0.3039
0.3002
0.3100
0.3077
0.2998
0.3027
0.2923
0.2914
0.2887
0.2886
0.2903
0.2803
0.2828
0.2784
0.2856
0.2768
0.2725
0.2670
0.2749
0.2565
0.2659
0.2675
0.2526
0.2594
0.2573
0.2493
0.2652
0.2619
0.2503
0.2505
0.2446
0.2408
0.2458
0.2570
0.2383
0.2404
0.2422
0.2311
0.2301
0.2328
0.2380
0.2291
0.2360
0.2257
0.2300
0.2254
0.2302
0.2273
0.2205
0.2235
0.2144
0.2166
0.2163
0.2157
0.2150
0.2155
0.2058
0.2104
0.2098
0.2069
0.2149
0.2068
0.2034
0.2061
0.2101
0.2028
0.2010
0.2007
0.1964
0.1985
0.2094
0.1981
0.2032
0.1976
