0.5612
0.4910
0.4664
0.4504
0.4311
0.4277
0.4108
0.4123
0.4013
0.3897
0.3881
0.3932
0.3779
0.3692
0.3681
0.3584
0.3562
0.3544
0.3530
0.3402
0.3449
0.3388
0.3370
0.3336
0.3257
0.3250
0.3217
0.3169
0.3113
0.3238
0.3186
0.3089
0.3150
0.3034
0.3024
0.2926
0.3001
0.2940
0.2968
0.2861
0.2852
0.2845
0.2912
0.2844
0.2793
0.2783
0.2905
0.2851
0.2846
0.2802
0.2662
0.2692
0.2637
0.2681
0.2657
0.2602
0.2602
0.2576
0.2614
0.2608
0.2504
0.2481
0.2549
0.2466
0.2501
0.2450
0.2458
0.2443
0.2457
0.2433
0.2471
0.2399
0.2423
0.2298
0.2393
0.2347
0.2267
0.2329
0.2261
0.2298
0.2198
0.2266
0.2291
0.2344
0.2250
0.2213
0.2185
0.2166
0.2177
0.2158
0.2105
0.2216
0.2132
0.2100
0.2115
0.2212
0.2002
0.2050
0.2025
0.2021
