0.5663
0.4780
0.4480
0.4324
0.4244
0.4049
0.3937
0.3881
0.3721
0.3790
0.3667
0.3682
0.3568
0.3514
0.3454
0.3486
0.3393
0.3318
0.3267
0.3322
0.3291
0.3224
0.3161
0.3108
0.3173
0.3067
0.3116
0.3080
0.3012
0.2962
0.2962
0.2949
0.2911
0.2825
0.2858
0.2943
0.2871
0.2846
0.2734
0.2720
0.2784
0.2753
0.2721
0.2661
0.2719
0.2652
0.2659
0.2568
0.2631
0.2577
0.2566
0.2591
0.2541
0.2454
0.2515
0.2587
0.2441
0.2505
0.2666
0.2617
0.2446
0.2410
0.2319
0.2362
0.2322
0.2371
0.2336
0.2279
0.2293
0.2303
0.2322
0.2238
0.2258
0.2220
0.2260
0.2250
0.2180
0.2173
0.2213
0.2214
0.2204
0.2209
0.2118
0.2100
0.2113
0.2163
0.2101
0.2106
0.2151
0.2067
0.2072
0.2068
0.1955
0.2081
0.2049
0.2132
0.1992
0.2003
0.2009
0.1990
