0.5539
0.4779
0.4553
0.4361
0.4265
0.4178
0.4119
0.4023
0.3924
0.3882
0.3779
0.3791
0.3647
0.3671
0.3685
0.3534
0.3543
0.3482
0.3493
0.3355
0.3486
0.3343
0.3295
0.3294
0.3212
0.3151
0.3221
0.3186
0.3100
0.3017
0.3002
0.3067
0.3001
0.2979
0.2947
0.3010
0.2955
0.2991
0.2883
0.2820
0.2929
0.2839
0.2757
0.2804
0.2710
0.2780
0.2798
0.2651
0.2631
0.2631
0.2601
0.2649
0.2617
0.2540
0.2531
0.2506
0.2532
0.2516
0.2503
0.2432
0.2473
0.2394
0.2352
0.2421
0.2435
0.2266
0.2386
0.2444
0.2274
0.2321
0.2345
0.2237
0.2278
0.2294
0.2231
0.2220
0.2185
0.2194
0.2243
0.2182
0.2381
0.2367
0.2182
0.2147
0.2132
0.2082
0.2023
0.2086
0.2072
0.2036
0.2035
0.2091
0.2062
0.1984
0.1946
0.2015
0.2018
0.1990
0.2066
0.2108
