0.5887
0.5131
0.4748
0.4541
0.4426
0.4364
0.4260
0.4157
0.4031
0.3970
0.3999
0.3865
0.3779
0.3764
0.3669
0.3591
0.3565
0.3548
0.3698
0.3518
0.3563
0.3409
0.3397
0.3396
0.3326
0.3259
0.3242
0.3257
0.3183
0.3191
0.3158
0.3207
0.3069
0.3140
0.3118
0.3131
0.3056
0.3016
0.2988
0.2896
0.2967
0.2863
0.2867
0.2937
0.2917
0.2862
0.2794
0.2774
0.2737
0.2759
0.2772
0.2732
0.2730
0.2687
0.2648
0.2642
0.2577
0.2596
0.2631
0.2603
0.2583
0.2521
0.2510
0.2485
0.2556
0.2418
0.2402
0.2458
0.2454
0.2461
0.2420
0.2342
0.2486
0.2410
0.2356
0.2358
0.2396
0.2291
0.2301
0.2257
0.2353
0.2208
0.2280
0.2230
0.2215
0.2472
0.2164
0.2257
0.2079
0.2197
0.2062
0.2065
0.2165
0.2089
0.2066
0.2064
0.2059
0.2004
0.1977
0.2057
