0.5591
0.4723
0.4521
0.4405
0.4210
0.4085
0.3950
0.3836
0.3838
0.3744
0.3631
0.3695
0.3643
0.3570
0.3596
0.3518
0.3379
0.3376
0.3320
0.3269
0.3301
0.3238
0.3197
0.3244
0.3110
0.3149
0.3062
0.3033
0.3101
0.2999
0.2904
0.2943
0.2875
0.2890
0.2942
0.2830
0.2819
0.2813
0.2775
0.2796
0.2757
0.2679
0.2673
0.2741
0.2647
0.2671
0.2609
0.2629
0.2585
0.2599
0.2587
0.2500
0.2570
0.2448
0.2497
0.2456
0.2583
0.2507
0.2373
0.2327
0.2295
0.2399
0.2433
0.2307
0.2333
0.2403
0.2297
0.2244
0.2214
0.2248
0.2257
0.2146
0.2284
0.2358
0.2210
0.2193
0.2265
0.2152
0.2141
0.2218
0.2117
0.2189
0.2211
0.2160
0.2015
0.2091
0.2064
0.2080
0.2085
0.2057
0.1979
0.2050
0.2019
0.1907
0.1997
0.1941
0.2013
0.1958
0.1881
0.1897
