0.5559
0.4773
0.4471
0.4403
0.4229
0.4185
0.4065
0.4069
0.3894
0.3872
0.3794
0.3733
0.3802
0.3676
0.3579
0.3546
0.3466
0.3437
0.3439
0.3358
0.3402
0.3244
0.3272
0.3198
0.3260
0.3103
0.3131
0.3144
0.3005
0.3098
0.2966
0.3064
0.3036
0.3034
0.2942
0.2887
0.2883
0.2882
0.2770
0.2822
0.2755
0.2837
0.2655
0.2778
0.2742
0.2810
0.2660
0.2594
0.2619
0.2603
0.2530
0.2614
0.2489
0.2558
0.2500
0.2442
0.2439
0.2417
0.2450
0.2529
0.2383
0.2428
0.2293
0.2335
0.2305
0.2362
0.2316
0.2300
0.2264
0.2203
0.2197
0.2223
0.2357
0.2238
0.2243
0.2218
0.2149
0.2231
0.2136
0.2146
0.2045
0.2099
0.2088
0.1957
0.2056
0.2076
0.2027
0.2078
0.2079
0.2002
0.1998
0.1898
0.1934
0.1976
0.2030
0.1952
0.1891
0.1877
0.1933
0.1977
