0.5537
0.4792
0.4572
0.4331
0.4280
0.4140
0.4056
0.3981
0.3889
0.3882
0.3879
0.3705
0.3727
0.3691
0.3632
0.3608
0.3429
0.3510
0.3459
0.3415
0.3338
0.3351
0.3356
0.3343
0.3299
0.3187
0.3170
0.3148
0.3050
0.3103
0.3050
0.3079
0.2973
0.2969
0.2955
0.3017
0.2937
0.2909
0.2938
0.2875
0.2845
0.2793
0.2787
0.2837
0.2741
0.2824
0.2756
0.2673
0.2695
0.2617
0.2689
0.2666
0.2668
0.2635
0.2580
0.2572
0.2706
0.2541
0.2506
0.2477
0.2490
0.2432
0.2439
0.2430
0.2420
0.2467
0.2414
0.2313
0.2436
0.2568
0.2400
0.2268
0.2324
0.2229
0.2235
0.2318
0.2236
0.2363
0.2204
0.2243
0.2239
0.2233
0.2147
0.2111
0.2183
0.2196
0.2120
0.2088
0.2124
0.2045
0.2049
0.2115
0.2072
0.2096
0.2063
0.1945
0.2035
0.2070
0.1961
0.2001
